none = 0.0;
twiss_tol = 1e-06;
kl_q11 = 1.0;
kl_q12 = -1.0;
kl_q21 = 1.0;
kl_q22 = -1.0;
kl_q31 = 0.6113067328804449;
kl_q32 = -0.7766946819089117;
ax_k1 = 0.0;
ay_k1 = 0.0;
tar = 1.4227456856626467e-11;
